2.496112 50 
2.496112 50 
2.496944 50 
2.496944 50 
2.497776 50 
2.497776 50 
2.498608 50 
2.498608 50 
2.49944 50 
2.49944 50 
2.500272 50 
2.500272 50 
2.501104 50 
2.501104 50 
2.501936 50 
2.501936 50 
2.502768 50 
2.502768 50 
2.5036 50 
2.5036 50 
2.504432 50 
2.504432 50 
2.505264 50 
2.505264 50 
2.506096 50 
2.506096 50 
2.506928 50 
2.506928 50 
2.50776 50 
2.50776 50 
2.737149 50 
2.737149 50 
2.737981 50 
2.737981 50 
2.738813 50 
2.738813 50 
2.739645 50 
2.739645 50 
2.740477 50 
2.740477 50 
2.741309 50 
2.741309 50 
2.742141 50 
2.742141 50 
2.742973 50 
2.742973 50 
2.743805 50 
2.743805 50 
2.744637 50 
2.744637 50 
2.745469 50 
2.745469 50 
2.746301 50 
2.746301 50 
2.747133 50 
2.747133 50 
2.747965 50 
2.747965 50 
2.748797 50 
2.748797 50 
2.749629 50 
2.749629 50 
2.750461 50 
2.750461 50 
2.751293 50 
2.751293 50 
2.752125 50 
2.752125 50 
2.752957 50 
2.752957 50 
2.753789 50 
2.753789 50 
2.754621 50 
2.754621 50 
2.755453 50 
2.755453 50 
2.756285 50 
2.756285 50 
2.757117 50 
2.757117 50 
2.757949 50 
2.757949 50 
2.758781 50 
2.758781 50 
2.759613 50 
2.759613 50 
2.760445 50 
2.760445 50 
2.761277 50 
2.761277 50 
2.762109 50 
2.762109 50 
2.762941 50 
2.762941 50 
2.763773 50 
2.763773 50 
2.764605 50 
2.764605 50 
2.765437 50 
2.765437 50 
2.766269 50 
2.766269 50 
2.767101 50 
2.767101 50 
2.767933 50 
2.767933 50 
2.768765 50 
2.768765 50 
2.769597 50 
2.769597 50 
2.770429 50 
2.770429 50 
2.771261 50 
2.771261 50 
2.772093 50 
2.772093 50 
2.772925 50 
2.772925 50 
2.773757 50 
2.773757 50 
2.774589 50 
2.774589 50 
2.775421 50 
2.775421 50 
2.776253 50 
2.776253 50 
2.777085 50 
2.777085 50 
2.777917 50 
2.777917 50 
2.974941 50 
2.974941 50 
2.975773 50 
2.975773 50 
2.976605 50 
2.976605 50 
2.977437 50 
2.977437 50 
2.978269 50 
2.978269 50 
2.979101 50 
2.979101 50 
2.979933 50 
2.979933 50 
2.980765 50 
2.980765 50 
2.981597 50 
2.981597 50 
2.982429 50 
2.982429 50 
2.983261 50 
2.983261 50 
2.984093 50 
2.984093 50 
2.984925 50 
2.984925 50 
2.985757 50 
2.985757 50 
2.986589 50 
2.986589 50 
2.987421 50 
2.987421 50 
2.988253 50 
2.988253 50 
2.989085 50 
2.989085 50 
2.989917 50 
2.989917 50 
4.772022 50 
4.772022 50 
4.772854 50 
4.772854 50 
4.773686 50 
4.773686 50 
4.774518 50 
4.774518 50 
5.032077 50 
5.032077 50 
5.032909 50 
5.032909 50 
5.033741 50 
5.033741 50 
5.347664 50 
5.347664 50 
5.347747 50 
5.347747 50 
5.34783 50 
5.34783 50 
5.347914 50 
5.347914 50 
5.348374 50 
5.348374 50 
5.349238 50 
5.349238 50 
5.350102 50 
5.350102 50 
5.350966 50 
5.350966 50 
5.35183 50 
5.35183 50 
5.352694 50 
5.352694 50 
5.353558 50 
5.353558 50 
5.354422 50 
5.354422 50 
5.355286 50 
5.355286 50 
5.35615 50 
5.35615 50 
5.357014 50 
5.357014 50 
5.357878 50 
5.357878 50 
5.358742 50 
5.358742 50 
5.359606 50 
5.359606 50 
5.36047 50 
5.36047 50 
5.362115 50 
5.362115 50 
5.363062 50 
5.363062 50 
5.363926 50 
5.363926 50 
5.36479 50 
5.36479 50 
5.365654 50 
5.365654 50 
5.366518 50 
5.366518 50 
5.366576 50 
5.366576 50 
5.367382 50 
5.367382 50 
5.367408 50 
5.367408 50 
5.36824 50 
5.36824 50 
5.368246 50 
5.368246 50 
5.369072 50 
5.369072 50 
5.36911 50 
5.36911 50 
5.369904 50 
5.369904 50 
5.369974 50 
5.369974 50 
5.370755 50 
5.370755 50 
5.370838 50 
5.370838 50 
5.370922 50 
5.370922 50 
5.371005 50 
5.371005 50 
5.371088 50 
5.371088 50 
5.371171 50 
5.371171 50 
5.53593 50 
5.53593 50 
5.536013 50 
5.536013 50 
5.536096 50 
5.536096 50 
5.536179 50 
5.536179 50 
5.536262 50 
5.536262 50 
5.536346 50 
5.536346 50 
5.536512 50 
5.536512 50 
5.536595 50 
5.536595 50 
5.536678 50 
5.536678 50 
5.536762 50 
5.536762 50 
5.536845 50 
5.536845 50 
5.974915 50 
5.974915 50 
5.975747 50 
5.975747 50 
5.976579 50 
5.976579 50 
5.977411 50 
5.977411 50 
5.978243 50 
5.978243 50 
5.979075 50 
5.979075 50 
5.979907 50 
5.979907 50 
5.980739 50 
5.980739 50 
5.981571 50 
5.981571 50 
5.982403 50 
5.982403 50 
5.983235 50 
5.983235 50 
5.984067 50 
5.984067 50 
5.984899 50 
5.984899 50 
5.985731 50 
5.985731 50 
5.986563 50 
5.986563 50 
5.987395 50 
5.987395 50 
5.988227 50 
5.988227 50 
5.989059 50 
5.989059 50 
11.509328 50 
11.509328 50 
11.510192 50 
11.510192 50 
11.511056 50 
11.511056 50 
11.51192 50 
11.51192 50 
11.512784 50 
11.512784 50 
11.513648 50 
11.513648 50 
11.514512 50 
11.514512 50 
11.515376 50 
11.515376 50 
11.51624 50 
11.51624 50 
11.517104 50 
11.517104 50 
11.517968 50 
11.517968 50 
11.69488 50 
11.69488 50 
21.333683 50 
21.333683 50 
29.85775 50 
29.85775 50 
29.858614 50 
29.858614 50 
29.86447 50 
29.86447 50 
29.866166 50 
29.866166 50 
29.878678 50 
29.878678 50 
29.880374 50 
29.880374 50 
29.88207 50 
29.88207 50 
29.886262 50 
29.886262 50 
29.889312 50 
29.889312 50 
29.892118 50 
29.892118 50 
29.897142 50 
29.897142 50 
29.901366 50 
29.901366 50 
29.903062 50 
29.903062 50 
29.906422 50 
29.906422 50 
29.910061 50 
29.910061 50 
29.912557 50 
29.912557 50 
29.917549 50 
29.917549 50 
