1 0 
1 0 
1 0 
1 0 
1 0 
1 0 
1 0 
1 0 
1 0 
1 0 
1.100003 12800 
1.200035 28800 
1.300038 668800 
1.400042 1334400 
1.500074 1331200 
1.600077 1331200 
1.70016 1331200 
1.800992 2912000 
1.901075 5574400 
2.001078 5574400 
2.100013 8652800 
2.200045 1996800 
2.301197 10649600 
2.402029 21881600 
2.500272 18553600 
2.600272 19552000 
2.700422 23545600 
2.800381 32115200 
2.900381 38604800 
3.000371 32864000 
3.100371 23795200 
3.200522 17555200 
3.30159 332800 
3.402422 1248000 
3.50327 1248000 
3.604102 4243200 
3.704186 5907200 
3.804189 5075200 
3.900403 4659200 
4.00032 748800 
4.10032 3411200 
4.205139 12729600 
4.305222 11731200 
4.4008 18220800 
4.500019 2496000 
4.600406 6822400 
4.705344 14060800 
4.800192 22713600 
4.900192 24960000 
5.000342 19552000 
5.100461 13977600 
5.220579 27539200 
5.300758 8652800 
5.400419 38937600 
5.500419 13811200 
5.600502 27206400 
5.700506 22214400 
5.800538 5657600 
5.900541 14144000 
6.000006 35110400 
6.100272 15308800 
6.200355 24377600 
6.300358 6905600 
6.40039 3660800 
6.500394 5990400 
6.616467 4659200 
6.733757 9568000 
6.80001 1913600 
6.900109 6988800 
7.000205 9068800 
7.100205 6073600 
7.218659 13228800 
7.300486 9817600 
7.400486 16556800 
7.500582 14393600 
7.600582 10649600 
7.700733 24211200 
7.800691 12812800 
7.900691 23795200 
8.00001 8403200 
8.100128 15974400 
8.200278 20217600 
8.321197 13478400 
8.400355 26873600 
8.500387 9817600 
8.600506 20966400 
8.700656 16057600 
8.80327 14144000 
8.923389 28204800 
9.000051 11481600 
9.100051 25958400 
9.200202 14393600 
9.30032 18304000 
9.405462 25542400 
9.500429 15142400 
9.600429 27622400 
9.700106 13395200 
9.800106 21964800 
9.900256 25043200 
10.012022 15808000 
10.100218 31200000 
10.200192 10067200 
10.300333 34944000 
10.400333 24627200 
10.500355 28038400 
10.600355 27955200 
10.700451 13228800 
10.800454 20134400 
10.900538 30118400 
11.000378 24211200 
11.100378 36441600 
11.200486 19052800 
11.300234 21299200 
11.400522 24211200 
11.500019 24793600 
11.600019 42099200 
11.70001 29536000 
11.80001 21632000 
11.90097 34028800 
12 13145600 
12.100128 30617600 
12.200256 21715200 
12.300339 19052800 
12.400342 25043200 
12.500035 7321600 
12.600003 13728000 
12.700666 4742400 
12.803312 9651200 
12.92343 18886400 
13.044349 11148800 
13.100192 19884800 
13.200243 7571200 
13.300362 11648000 
13.405504 23878400 
13.526422 14476800 
13.600499 26873600 
13.70055 8403200 
13.800006 18137600 
13.900058 17056000 
14.008496 15475200 
14.100134 29868800 
14.200166 11648000 
14.300285 22464000 
14.400435 13561600 
14.500554 14809600 
14.610688 29702400 
14.700662 15475200 
14.800662 28537600 
14.9 11065600 
15.000099 18969600 
15.10025 22547200 
15.200208 19968000 
15.300208 28787200 
15.400378 20716800 
15.500477 23129600 
15.600627 17721600 
15.700746 16640000 
15.800685 35859200 
15.900736 17388800 
16.000122 31948800 
16.100173 16390400 
16.200195 19468800 
16.300022 28038400 
16.400054 20467200 
16.500102 34444800 
16.600067 26124800 
16.70007 25209600 
16.800102 25459200 
16.900106 13644800 
17.000189 35443200 
17.100486 27872000 
17.200576 34611200 
17.300013 26374400 
17.4 16723200 
17.500006 31948800 
17.600451 23545600 
17.700112 35193600 
17.800077 29785600 
17.900003 20384000 
18.000202 33113600 
18.100093 20883200 
18.200381 32364800 
18.300778 29536000 
18.400045 31532800 
18.500067 38688000 
18.60065 17056000 
18.700442 35443200 
18.800227 21049600 
18.900067 34444800 
19.000067 32281600 
19.100122 28371200 
19.200122 32780800 
19.300157 22380800 
19.40024 26291200 
19.500755 41350400 
19.600678 26124800 
19.70049 46592000 
19.800275 21049600 
19.900202 29619200 
20.000234 29952000 
20.100397 29120000 
20.200397 36940800 
20.300387 34361600 
20.400387 25625600 
20.500038 35859200 
20.600304 18387200 
20.700029 44678400 
20.800077 32198400 
20.900102 38105600 
21.000253 36358400 
21.100051 20633600 
21.200051 41267200 
21.300202 28038400 
21.400157 36108800 
21.500157 39436800 
21.600083 24544000 
21.700054 31449600 
21.800118 18220800 
21.900202 20633600 
22.000093 18886400 
22.101117 20467200 
22.20112 28204800 
22.30079 12646400 
22.400058 21132800 
22.500003 12563200 
22.60023 22796800 
22.700102 33363200 
22.801149 18553600 
22.900349 26124800 
23.000608 18387200 
23.100035 25542400 
23.200035 32780800 
23.300205 26873600 
23.400125 36940800 
23.500176 19884800 
23.600422 22297600 
23.70024 32697600 
23.80024 24128000 
23.900272 37689600 
24.000326 29868800 
24.100358 25792000 
24.200362 28121600 
24.300394 18470400 
24.400477 41267200 
24.500074 32198400 
24.60064 32531200 
24.700045 28038400 
24.800077 17971200 
24.900195 39769600 
25.000022 28870400 
25.100022 35276800 
25.200013 35692800 
25.300013 20134400 
25.400346 36524800 
25.500301 22131200 
25.600602 37772800 
25.700592 39852800 
25.800592 23129600 
25.90072 41683200 
26.000029 19635200 
26.100032 35776000 
26.200083 34860800 
26.300042 33113600 
26.400042 41932800 
26.500192 21881600 
26.600406 33446400 
26.700115 32531200 
26.800115 30784000 
26.900054 40851200 
27.000125 31532800 
27.100064 33113600 
27.200096 31782400 
27.300086 23628800 
27.400566 47008000 
27.500003 32364800 
27.600557 39852800 
27.700579 36857600 
27.800419 21964800 
27.900419 42598400 
28.00041 28537600 
28.10041 41100800 
28.200349 40185600 
28.300048 26540800 
28.400038 36108800 
28.50007 29785600 
28.600166 33280000 
28.700326 42182400 
28.800102 35859200 
28.900186 38355200 
29.000189 34694400 
29.100659 21798400 
29.200659 46259200 
29.300582 36025600 
29.40065 39936000 
29.500589 43180800 
29.600416 22547200 
29.700342 37939200 
29.800362 36940800 
29.900058 33280000 
30.00063 41350400 
30.100781 22880000 
30.200909 2329600 
30.300912 332800 
30.404237 0 
30.541283 0 
30.642115 83200 
30.742198 83200 
30.842202 83200 
30.942234 0 
30.942234 0 
